FANN_FLO_2.1
num_layers=3
learning_rate=0.700000
connection_rate=1.000000
network_type=0
learning_momentum=0.000000
training_algorithm=2
train_error_function=1
train_stop_function=0
cascade_output_change_fraction=0.010000
quickprop_decay=-0.000100
quickprop_mu=1.750000
rprop_increase_factor=1.200000
rprop_decrease_factor=0.500000
rprop_delta_min=0.000000
rprop_delta_max=50.000000
rprop_delta_zero=0.100000
cascade_output_stagnation_epochs=12
cascade_candidate_change_fraction=0.010000
cascade_candidate_stagnation_epochs=12
cascade_max_out_epochs=150
cascade_min_out_epochs=50
cascade_max_cand_epochs=150
cascade_min_cand_epochs=50
cascade_num_candidate_groups=2
bit_fail_limit=3.49999994039535520000e-001
cascade_candidate_limit=1.00000000000000000000e+003
cascade_weight_multiplier=4.00000005960464480000e-001
cascade_activation_functions_count=10
cascade_activation_functions=3 5 7 8 10 11 14 15 16 17 
cascade_activation_steepnesses_count=4
cascade_activation_steepnesses=2.50000000000000000000e-001 5.00000000000000000000e-001 7.50000000000000000000e-001 1.00000000000000000000e+000 
layer_sizes=3 4 2 
scale_included=0
neurons (num_inputs, activation_function, activation_steepness)=(0, 0, 0.00000000000000000000e+000) (0, 0, 0.00000000000000000000e+000) (0, 0, 0.00000000000000000000e+000) (3, 6, 1.00000000000000000000e+000) (3, 6, 1.00000000000000000000e+000) (3, 6, 1.00000000000000000000e+000) (0, 6, 1.00000000000000000000e+000) (4, 6, 1.00000000000000000000e+000) (0, 6, 1.00000000000000000000e+000) 
connections (connected_to_neuron, weight)=(0, -3.06472086906433110000e+000) (1, -3.20179438591003420000e+000) (2, 1.96808934211730960000e+000) (0, 2.52155041694641110000e+000) (1, 2.45484685897827150000e+000) (2, 1.83620905876159670000e+000) (0, 4.71791237592697140000e-001) (1, -5.09993195533752440000e-001) (2, 1.57142162322998050000e+000) (3, 2.35959434509277340000e+000) (4, 2.44843196868896480000e+000) (5, -1.06489479541778560000e+000) (6, -1.10223448276519780000e+000) 
